CACHE type 5 produced by analog 6.0/Unix. Do not modify or delete!
T	0	0	937	84	3	143	14181462
D	22621512	22633506
15709	110	1	1	161
15709	128	1	1	161
15709	171	1	1	161
15709	172	1	1	161
15709	223	3	3	42384
15709	224	55	2	1330692
15709	225	53	0	424742
15709	226	13	0	104526
15710	67	17	1	384252
15710	111	17	1	384252
15710	163	18	2	398156
15710	164	1	0	24979
15710	178	68	4	425964
15710	195	17	1	13904
15710	197	18	2	27808
15710	198	16	0	0
15710	273	17	1	13904
15710	278	17	1	384252
15710	279	17	1	384252
15711	70	17	1	384252
15711	114	18	2	398156
15711	165	1	1	13904
15711	208	16	0	370348
15712	23	1	1	13904
15712	107	1	0	3430
15712	108	2	0	17496
15712	109	2	2	27808
15712	110	1	0	3316
15712	154	17	1	384252
15712	175	1	0	256394
15712	203	1	0	3251
15712	230	1	1	13904
15713	133	17	1	384252
15713	184	34	2	768504
15714	52	17	1	384252
15714	135	12	1	353463
15714	137	7	1	301087
15714	138	17	1	13904
15714	142	17	1	384252
15714	152	17	1	384252
15714	153	1	1	13904
15714	275	1	1	13904
15715	44	17	1	384252
15715	88	17	1	384252
15715	90	2	2	13904
15715	109	2	2	27808
15715	160	1	1	13904
15715	161	16	0	370348
15715	163	1	1	13904
15715	206	1	1	13904
15716	121	17	1	384252
15716	126	17	1	384252
15716	127	17	1	384252
15716	235	17	1	384252
15717	65	17	1	384252
15717	104	17	1	384252
15717	164	34	2	768504
15717	192	1	1	161
15717	198	33	3	414213
15717	199	44	5	73085
15717	200	2	1	24
15717	201	16	3	43851
15717	202	33	6	43851
15717	203	31	4	58468
15717	205	14	1	14617
1	1	0	0	0	22622092	0	0	22622092	0	0	40602	/index.php/office/subbis_edit/4
1	49	0	0	0	22633506	0	0	22622080	0	0	101494	/assets/front/img/icon-1.png
1	38	0	0	0	22633472	0	0	22622080	0	0	114450	/assets/front/img/bg-countdown.png
1	0	0	2	0	0	22622089	0	0	22622088	0	0	/index.php/office/subbi_update
1	3	0	0	0	22622088	0	0	22622085	0	0	122065	/index.php/office/subbis_edit/3
1	1	0	0	0	22622085	0	0	22622085	0	0	40617	/index.php/office/subbis_edit/1
1	8	0	0	0	22622091	0	0	22622080	0	0	7428	/assets/office/js/superfish.js
1	48	0	0	0	22633506	0	0	22622080	0	0	405840	/assets/front/css/base.css
1	48	0	0	0	22633506	0	0	22622080	0	0	597570	/assets/front/css/prettyPhoto.css
1	1	1	0	0	22633002	0	0	22633002	0	0	13904	/?69.64.51.97
1	0	0	1	0	0	22622091	0	0	22622091	0	0	/index.php/office/subbi_create
1	8	0	0	0	22622091	0	0	22622080	0	0	8680	/assets/office/css/datepicker.css
1	21	21	0	2	22633506	0	22633496	22633474	0	22633492	248513	/index.php/
1	0	0	0	1	0	0	22630409	0	0	22630409	0	/assets/js/jquery.pagescroller.lite.js?1353646516
1	0	0	0	1	0	0	22630409	0	0	22630409	0	/assets/js/jquery.prettyPhoto.js?1353646517
1	1	0	0	0	22622080	0	0	22622080	0	0	21943	/index.php/office
1	55	55	0	2	22633474	0	22622067	22621512	0	22622067	684213	/
1	38	0	0	0	22633472	0	0	22622080	0	0	53970	/assets/front/img/arrow.png
1	48	0	0	0	22633506	0	0	22622080	0	0	145500	/assets/front/js/custom.js
1	7	0	0	0	22622091	0	0	22622084	0	0	167463	/index.php/office/subbis
1	2	0	0	0	22622083	0	0	22622083	0	0	43898	/index.php/office/index
1	4	0	0	14	22633496	0	22633444	22633473	0	22621512	0	/favicon.ico
1	0	0	0	9	0	0	22630417	0	0	22621604	0	/robots.txt
1	0	0	0	1	0	0	22625818	0	0	22625818	0	/robots.txt?66.249.75.61
1	8	0	0	0	22622091	0	0	22622080	0	0	189694	/assets/office/js/jquery.min.js
1	1	0	0	0	22622085	0	0	22622085	0	0	23529	/index.php/settings/campaign
1	0	0	0	1	0	0	22622083	0	0	22622083	0	/index.php/office/{path=
1	0	0	0	15	0	0	22633444	0	0	22623293	0	/apple-touch-icon.png
1	49	0	0	0	22633506	0	0	22622080	0	0	106330	/assets/front/img/icon-4.png
1	8	0	0	0	22622091	0	0	22622080	0	0	156222	/assets/office/js/widgets.js
1	0	0	0	1	0	0	22630409	0	0	22630409	0	/assets/css/base.css?1353646514
1	49	0	0	0	22633506	0	0	22622080	0	0	102796	/assets/front/img/icon-2.png
1	6	0	0	1	22622091	0	22622080	22622083	0	22622080	238302	/index.php/office/subbis_new
1	38	0	0	0	22633472	0	0	22622080	0	0	188430	/assets/front/img/sprite-social.png
1	8	0	0	0	22622091	0	0	22622080	0	0	26356	/assets/office/js/datepicker.js
1	1	1	0	0	22622084	0	0	22622084	0	0	21943	/index.php/office/
1	48	0	0	0	22633506	0	0	22622080	0	0	160980	/assets/front/css/grid.css
1	48	0	0	0	22633506	0	0	22622080	0	0	98940	/assets/front/js/jquery.pagescroller.lite.js
1	0	0	0	15	0	0	22633444	0	0	22623293	0	/apple-touch-icon-precomposed.png
1	1	0	0	1	22623220	0	22633473	22623220	0	22633473	24979	/index.php/website/thanks
1	1	1	0	0	22622955	0	0	22622955	0	0	13904	/?66.249.75.61
1	0	0	0	1	0	0	22630409	0	0	22630409	0	/assets/js/custom.js?1353646517
1	0	0	0	1	0	0	22629535	0	0	22629535	0	/wp-login.php
1	48	0	0	0	22633506	0	0	22622080	0	0	71670	/assets/front/js/countdown.js
1	48	0	0	0	22633506	0	0	22622080	0	0	756480	/assets/front/js/jquery.prettyPhoto.js
1	8	0	0	0	22622091	0	0	22622080	0	0	27652	/assets/office/img/glyphicons-halflings.png
1	49	0	0	0	22633506	0	0	22622080	0	0	440882	/assets/front/img/logo-1.png
1	50	0	0	0	22633506	0	0	22622080	0	0	8204608	/assets/front/img/ipad.png
1	0	0	0	1	0	0	22630409	0	0	22630409	0	/assets/css/grid.css?1353646514
1	8	0	0	0	22622091	0	0	22622080	0	0	51302	/assets/office/js/bootstrap.min.js
1	8	0	0	0	22622091	0	0	22622080	0	0	247056	/assets/office/css/bootstrap.css
1	0	0	0	1	0	0	22630409	0	0	22630409	0	/assets/js/countdown.js?1353646516
1	0	0	0	1	0	0	22630409	0	0	22630409	0	/assets/css/prettyPhoto.css?1353646514
1	8	0	0	0	22622091	0	0	22622080	0	0	5366	/assets/office/css/styles.css
1	5	5	0	0	22631646	0	0	22624413	0	0	69520	/?186.48.0.119
1	1	0	0	0	22622084	0	0	22622084	0	0	23878	/index.php/settings/promoter
1	0	0	0	74	0	0	22633506	0	0	22622080	0	/assets/img/favicon.ico
1	8	0	0	0	22622091	0	0	22622080	0	0	11712	/assets/office/js/bootstrap-fileupload.js
1	49	0	0	0	22633506	0	0	22622080	0	0	100781	/assets/front/img/icon-3.png
3	1	1	0	0	22630044	0	0	22630044	0	0	13904	http://www.google.de/url?sa=t&rct=j&q=&esrc=s&source=web&cd=5&ved=0CEwQFjAE&url=http://subbis.de/&ei=aGHtUNvVD8qutAah7IDABg&usg=AFQjCNFTbDCb-unx2wKVHB3tTXxHeS3tdg&bvm=bv.1357316858,d.bGE
3	1	1	0	0	22628839	0	0	22628839	0	0	13904	http://www.google.de/url?sa=t&rct=j&q=subbis.de&source=web&cd=1&ved=0CDMQFjAA&url=http://subbis.de/&ei=DEfsUMCeJsnFtAassYDYCw&usg=AFQjCNFTbDCb-unx2wKVHB3tTXxHeS3tdg
3	11	0	0	0	22622084	0	0	22622084	0	0	389610	http://subbis.com/index.php/office/
3	1	1	0	0	22629822	0	0	22629822	0	0	13904	http://www.google.com/url?sa=t&rct=j&q=subbis.de&source=web&cd=1&ved=0CDYQFjAA&url=http://subbis.de/&ei=ay3tUKXmNKKD4ATC3IDYCg&usg=AFQjCNFTbDCb-unx2wKVHB3tTXxHeS3tdg&bvm=bv.1357316858,d.bGE
3	20	20	0	2	22633506	0	22633496	22633478	0	22633492	233896	http://subbis.de/index.php/
3	51	0	0	0	22628924	0	0	22622738	0	0	1015984	http://www.subbis.de/
3	24	0	0	0	22632219	0	0	22622739	0	0	95160	http://subbis.com/assets/front/css/base.css
3	17	0	0	0	22622092	0	0	22622085	0	0	282718	http://subbis.com/index.php/office/subbis
3	1	1	0	0	22622738	0	0	22622738	0	0	13904	http://wiki.moonchildmedia.de/index.php?title=Wettbewerb
3	16	0	0	0	22624882	0	0	22624882	0	0	370348	http://start.subbis.de/
3	1	0	0	0	22622085	0	0	22622085	0	0	23529	http://subbis.com/index.php/settings/promoter
3	0	0	0	1	0	0	22622083	0	0	22622083	0	http://subbis.com/index.php/office/{path=
3	11	0	0	0	22622086	0	0	22622085	0	0	23876	http://subbis.com/index.php/settings/campaign
3	35	0	1	2	22622091	22622091	22622083	22622083	22622091	22622080	133625	http://subbis.com/index.php/office/subbis_new
3	2	0	0	0	22622084	0	0	22622083	0	0	45827	http://subbis.com/index.php/office/index
3	1	1	0	0	22632219	0	0	22632219	0	0	13904	http://www.google.de/url?sa=t&rct=j&q=&esrc=s&source=web&cd=1&ved=0CDMQFjAA&url=http://subbis.de/&ei=HV_vUMXUCpDEswbsy4GIBg&usg=AFQjCNFTbDCb-unx2wKVHB3tTXxHeS3tdg&bvm=bv.1357700187,d.Yms
3	1	1	0	0	22623218	0	0	22623218	0	0	13904	http://www.google.de/url?sa=t&rct=j&q=subbis.de&source=web&cd=1&ved=0CDMQFjAA&url=http://subbis.de/&ei=wyHnUPGEPM-Q4gTuwoDQBA&usg=AFQjCNFTbDCb-unx2wKVHB3tTXxHeS3tdg&bvm=bv.1355534169,d.Yms
3	381	1	0	4	22633506	0	22633473	22622955	0	22622067	6233353	http://subbis.de/
3	12	0	0	1	22622083	0	22622080	22622080	0	22622080	445168	http://subbis.com/index.php/office
3	1	1	0	0	22622955	0	0	22622955	0	0	13904	http://www.google.de/url?sa=t&rct=j&q=subbis.de&source=web&cd=1&sqi=2&ved=0CDMQFjAA&url=http://subbis.de/&ei=5-PmUO-IIsLDtQbdjoH4BQ&usg=AFQjCNFTbDCb-unx2wKVHB3tTXxHeS3tdg&bvm=bv.1355534169,d.Yms
3	254	1	0	16	22633301	0	22633444	22622080	0	22622067	3335141	http://subbis.com/
3	12	0	2	0	22622089	22622089	0	22622087	22622088	0	47752	http://subbis.com/index.php/office/subbis_edit/3
3	1	0	0	0	22622085	0	0	22622085	0	0	39717	http://subbis.com/index.php/office/subbis_edit/1
4	17	1	0	1	22622955	0	22622955	22622955	0	22622955	384252	Mozilla/5.0 (compatible; MSIE 9.0; Windows NT 6.1; Win64; x64; Trident/5.0)
4	17	1	0	2	22631673	0	22631673	22631673	0	22631673	384252	Mozilla/5.0 (Windows NT 6.1; WOW64; rv:17.0) Gecko/20100101 Firefox/17.0
4	1	1	0	0	22630052	0	0	22630052	0	0	0	Opera/9.80 (Windows NT 6.1; U; en) Presto/2.6.31 Version/10.70
4	52	1	1	13	22622092	22622091	22622092	22622084	22622091	22622084	764288	Mozilla/5.0 (Windows NT 5.1) AppleWebKit/534.30 (KHTML, like Gecko) Chrome/12.0.742.100 Safari/534.30
4	17	1	0	0	22624190	0	0	22624190	0	0	384252	Mozilla/5.0 (iPad; CPU OS 6_0_1 like Mac OS X) AppleWebKit/536.26 (KHTML, like Gecko) Version/6.0 Mobile/10A523 Safari/8536.25
4	19	2	0	6	22623220	0	22623220	22623218	0	22623218	423135	Mozilla/5.0 (Windows NT 5.1; rv:5.0.1) Gecko/20100101 Firefox/5.0.1
4	1	1	0	0	22624666	0	0	22624666	0	0	13904	Mozilla/4.0 (compatible; MSIE 6.0; Windows 98; Win 9x4.90)
4	0	0	0	30	0	0	22633444	0	0	22623293	0	Coda/3057 CFNetwork/454.12.4 Darwin/10.8.0 (i386) (MacBookPro6%2C1)
4	17	1	0	1	22631676	0	22631676	22631675	0	22631676	384252	Mozilla/5.0 (Macintosh; Intel Mac OS X 10_7_5) AppleWebKit/536.26.17 (KHTML, like Gecko) Version/6.0.2 Safari/536.26.17
4	1	1	0	0	22626433	0	0	22626433	0	0	13904	Mozilla/5.0 (X11; U; Linux i686; en-US; rv:1.7.5) Gecko/20041107 Firefox/1.0
4	18	2	0	4	22627388	0	22627524	22621512	0	22621512	384413	Mozilla/5.0 (X11; Linux x86_64) AppleWebKit/537.11 (KHTML, like Gecko) Chrome/23.0.1271.97 Safari/537.11
4	1	1	0	0	22630052	0	0	22630052	0	0	13904	Mozilla/5.0 (X11; Linux i686; rv:6.0) Gecko/20100101 Firefox/6.0
4	72	4	2	9	22622089	22622089	22622083	22622077	22622088	22622067	1138056	Mozilla/5.0 (Macintosh; Intel Mac OS X 10_6_8) AppleWebKit/534.57.2 (KHTML, like Gecko) Version/5.1.7 Safari/534.57.2
4	239	15	0	14	22633444	0	22633444	22623292	0	22623293	2787253	Mozilla/5.0 (Macintosh; Intel Mac OS X 10_6_8) AppleWebKit/534.57.2 (KHTML, like Gecko)
4	17	1	0	3	22632809	0	22632809	22632809	0	22632809	384252	Mozilla/5.0 (Windows NT 6.1; rv:18.0) Gecko/20100101 Firefox/18.0
4	36	3	0	2	22628852	0	22628852	22628839	0	22628849	668454	Mozilla/5.0 (compatible; MSIE 9.0; Windows NT 6.1; Trident/5.0)
4	1	1	0	0	22625395	0	0	22625395	0	0	13904	Mozilla/3.0 (compatible; Indy Library)
4	173	23	0	23	22633506	0	22633506	22633472	0	22633472	648109	Mozilla/5.0 (Macintosh; Intel Mac OS X 10_6_8) AppleWebKit/537.17 (KHTML, like Gecko) Chrome/24.0.1312.52 Safari/537.17
4	1	1	0	1	22629535	0	22629535	22629535	0	22629535	13904	Mozilla/5.0 (Windows NT 6.1; WOW64; rv:7.0.1) Gecko/20100101 Firefox/7.0.1
4	25	9	0	17	22630634	0	22630417	22621604	0	22621604	481741	Mozilla/5.0 (compatible; Googlebot/2.1; +http://www.google.com/bot.html)
4	17	1	0	1	22624413	0	22624413	22624413	0	22624413	384252	Mozilla/5.0 (Macintosh; U; Intel Mac OS X 10_5_8; de-de) AppleWebKit/533.21.1 (KHTML, like Gecko) Version/5.0.5 Safari/533.21.1
4	18	2	0	4	22624882	0	22624882	22621816	0	22621816	370670	Mozilla/5.0 (Macintosh; Intel Mac OS X 10_6_8) AppleWebKit/537.11 (KHTML, like Gecko) Chrome/23.0.1271.101 Safari/537.11
4	17	1	0	2	22630044	0	22630044	22630044	0	22630044	384252	Mozilla/5.0 (Windows NT 6.1; rv:17.0) Gecko/20100101 Firefox/17.0
4	68	4	0	4	22632219	0	22632219	22628870	0	22628870	1537008	Mozilla/5.0 (Windows NT 5.1; rv:17.0) Gecko/20100101 Firefox/17.0
4	51	3	0	2	22633002	0	22633002	22626054	0	22628421	1152756	Mozilla/5.0 (Windows NT 6.1; WOW64) AppleWebKit/537.11 (KHTML, like Gecko) Chrome/23.0.1271.97 Safari/537.11
4	18	2	0	2	22628926	0	22628926	22628923	0	22628924	398156	Mozilla/5.0 (compatible; MSIE 9.0; Windows NT 6.1; Win64; x64; Trident/5.0; tb-webde/1.8.2)
4	17	1	0	2	22622739	0	22622739	22622738	0	22622739	384252	Mozilla/5.0 (Windows NT 5.1; rv:6.0) Gecko/20100101 Firefox/6.0
4	6	0	0	0	22626295	0	0	22625818	0	0	283887	Googlebot-Image/1.0
5	1	1	0	1	22630147	0	22630147	22630147	0	22630147	13904	66.249.74.214
5	19	2	0	6	22623220	0	22623220	22623218	0	22623218	423135	93.219.176.105
5	17	1	0	2	22622739	0	22622739	22622738	0	22622739	384252	80.153.102.220
5	52	1	1	13	22622092	22622091	22622092	22622084	22622091	22622084	764288	178.20.93.52
5	17	1	0	0	22624190	0	0	22624190	0	0	384252	91.5.169.193
5	3	3	0	10	22630400	0	22630409	22621604	0	22621604	27969	66.249.75.61
5	119	7	0	20	22623390	0	22623390	22623292	0	22623293	467676	186.48.29.247
5	1	1	0	1	22630417	0	22630417	22630417	0	22630417	13904	66.249.75.225
5	17	1	0	1	22631676	0	22631676	22631675	0	22631676	384252	85.178.81.126
5	17	1	0	2	22630044	0	22630044	22630044	0	22630044	384252	87.187.133.233
5	74	6	2	12	22622089	22622089	22622083	22621816	22622088	22621816	1138378	186.48.2.88
5	17	1	0	1	22622955	0	22622955	22622955	0	22622955	384252	24.134.56.12
5	17	1	0	3	22627388	0	22627524	22627388	0	22627388	384252	89.0.145.152
5	1	1	0	1	22630146	0	22630146	22630146	0	22630146	13904	66.249.74.103
5	17	1	0	1	22632219	0	22632219	22632219	0	22632219	384252	92.226.42.147
5	34	2	0	6	22627644	0	22627644	22627643	0	22627643	768504	186.48.26.202
5	51	3	0	9	22623797	0	22623797	22623768	0	22623768	782408	186.48.0.119
5	16	0	0	1	22624882	0	22624882	22624882	0	22624882	370348	186.48.19.190
5	208	26	0	32	22633506	0	22633506	22633300	0	22633300	1416774	186.48.19.188
5	1	1	0	1	22629535	0	22629535	22629535	0	22629535	13904	78.6.228.32
5	17	1	0	1	22629822	0	22629822	22629822	0	22629822	384252	78.8.16.192
5	1	1	0	2	22624413	0	22624657	22624413	0	22624413	13904	66.249.73.118
5	18	2	0	2	22628421	0	22628421	22621512	0	22621512	384413	88.75.191.251
5	24	2	0	2	22630634	0	22630409	22625818	0	22625818	682043	66.249.75.186
5	17	1	0	1	22624413	0	22624413	22624413	0	22624413	384252	217.231.37.39
5	1	1	0	0	22625395	0	0	22625395	0	0	13904	5.9.35.43
5	2	2	0	0	22630052	0	0	22630052	0	0	13904	178.32.77.82
5	34	2	0	1	22633002	0	22633002	22626054	0	22633002	768504	91.64.113.127
5	1	1	0	0	22626433	0	0	22626433	0	0	13904	74.52.245.146
5	17	1	0	2	22631673	0	22631673	22631673	0	22631673	384252	77.12.16.194
5	34	2	0	2	22631646	0	22631646	22628870	0	22628870	768504	88.72.205.76
5	17	1	0	3	22632809	0	22632809	22632809	0	22632809	384252	89.204.135.93
5	36	3	0	2	22628852	0	22628852	22628839	0	22628849	668454	78.52.50.216
5	18	2	0	2	22628926	0	22628926	22628923	0	22628924	398156	89.204.138.78
5	1	1	0	0	22624666	0	0	22624666	0	0	13904	69.64.51.97
z	0	326	4	22633506	0
z	2	1	1	22633482	24
z	3	5	5	22633444	805
z	4	342	0	22633472	1278527
z	5	229	74	22633506	4450442
z	6	34	0	22633472	8451664
c	200	616	22633506
c	302	3	22622091
c	304	321	22633506
c	400	1	22622083
c	404	134	22633506
c	500	8	22633496
